# pulse antenna delay(s) weight u(m) v(m)
1  3 1.6045113016e-09 11.5029201508 860204.638868 -5876958.40234
1  7 2.63425059543e-09 11.0097961426 275535.652718 -5885815.63895
2  3 2.48845077877e-09 10.9675312042 691459.459398 -5885824.65521
2  4 -9.43650782514e-11 8.57452774048 -278542.401271 -5471983.73735
2  7 1.99172733861e-10 16.823638916 102084.129756 -5887845.54095
3  3 8.46006542599e-10 20.7746143341 589453.644271 -5890200.31607
3  4 2.48277909343e-09 10.9489221573 -401442.476285 -5469475.17501
3  7 5.48503707731e-11 20.8054618835 -2172.62852573 -5888094.18216

4  3 2.03944905408e-09 17.1381721497 511760.029824 -5893043.81791
4  4 -1.03996666834e-09 7.77685070038 -494506.26595 -5466999.98427
4  7 -6.37356556421e-11 17.0524024963 -81285.3232975 -5887797.05253

5  3 1.4991488051e-09 12.3107891083 196757.057545 -5900312.39899
5  4 -1.05094843939e-09 7.01082468033 -867088.585222 -5452048.96394
5  7 6.79236333845e-10 12.631934166 -399469.934791 -5882356.11289

6  3 4.16387563318e-10 12.8707609177 36433.62659 -5901421.3145

7  3 1.61651503294e-09 12.5529537201 -76553.1836718 -5901160.48778
7  7 -4.26012308763e-10 12.8010950089 -672245.385193 -5872207.53828

9  3 2.5651329949e-09 9.01339244843 -252433.421106 -5899038.73486
9  7 8.99457175407e-10 9.93702316284 -846171.070123 -5863024.21467

10  3 4.79962070088e-10 12.0759840012 -304751.835774 -5898003.0653
10  7 -1.38139111261e-09 11.7472820282 -897663.85891 -5859890.23974

11  3 6.22257800842e-10 30.3174114227 -332002.694144 -5897389.85149
11  4 2.40678754704e-10 15.3906087875 -1475680.95454 -5409502.39553
11  7 -2.9421315384e-10 30.6330490112 -924440.142003 -5858184.50548
